$Boundary
False
512
-198.549,-0.478,1.57079
-196.987,-0.478,1.57079
-195.425,-0.478,1.57079
-193.863,-0.478,1.57079
-192.3,-0.478,1.57079
-190.738,-0.478,1.57079
-189.176,-0.478,1.57079
-187.614,-0.478,1.57079
-186.052,-0.478,1.57079
-184.49,-0.478,1.57079
-182.928,-0.478,1.57079
-181.365,-0.478,1.57079
-179.803,-0.478,1.57079
-178.241,-0.478,1.57079
-176.679,-0.478,1.57079
-175.117,-0.478,1.57079
-173.555,-0.478,1.57079
-171.992,-0.478,1.57079
-170.43,-0.478,1.57079
-168.868,-0.478,1.57079
-167.306,-0.478,1.57079
-165.744,-0.478,1.57079
-164.182,-0.478,1.57079
-162.619,-0.477,1.57079
-161.057,-0.477,1.57079
-159.495,-0.477,1.57079
-157.933,-0.477,1.57079
-156.371,-0.477,1.57079
-154.809,-0.477,1.57079
-153.247,-0.477,1.57079
-151.684,-0.477,1.57079
-150.122,-0.477,1.57079
-148.56,-0.477,1.57079
-146.998,-0.477,1.57079
-145.436,-0.477,1.57079
-143.874,-0.477,1.57079
-142.311,-0.477,1.57079
-140.749,-0.477,1.57079
-139.187,-0.477,1.57079
-137.625,-0.477,1.57079
-136.063,-0.477,1.57079
-134.501,-0.477,1.57079
-132.938,-0.477,1.57079
-131.376,-0.477,1.57079
-129.814,-0.477,1.57079
-128.252,-0.477,1.57079
-126.69,-0.477,1.57079
-125.128,-0.477,1.57079
-123.566,-0.477,1.57079
-122.003,-0.477,1.57079
-120.441,-0.477,1.57079
-118.879,-0.477,1.57079
-117.317,-0.477,1.57079
-115.755,-0.477,1.57079
-114.193,-0.477,1.57079
-112.63,-0.477,1.57079
-111.068,-0.477,1.57079
-109.506,-0.477,1.57079
-107.944,-0.477,1.57079
-106.382,-0.477,1.57079
-104.82,-0.477,1.57079
-103.257,-0.477,1.57079
-101.695,-0.477,1.57079
-100.133,-0.477,1.57079
-98.571,-0.477,1.57079
-97.009,-0.477,1.57079
-95.447,-0.477,1.57079
-93.885,-0.477,1.57079
-92.322,-0.477,1.57079
-90.76,-0.477,1.57079
-89.198,-0.477,1.57079
-87.636,-0.477,1.57079
-86.074,-0.477,1.57079
-84.512,-0.477,1.57079
-82.949,-0.477,1.57079
-81.387,-0.477,1.57079
-79.825,-0.477,1.57079
-78.263,-0.477,1.57079
-76.701,-0.477,1.57079
-75.139,-0.477,1.57079
-73.577,-0.477,1.57079
-72.014,-0.477,1.57079
-70.452,-0.477,1.57079
-68.89,-0.477,1.57079
-67.328,-0.477,1.57079
-65.766,-0.477,1.57079
-64.204,-0.476,1.57079
-62.641,-0.476,1.57079
-61.079,-0.476,1.57079
-59.517,-0.476,1.57079
-57.955,-0.476,1.57079
-56.393,-0.476,1.57079
-54.831,-0.476,1.57079
-53.268,-0.476,1.57079
-51.706,-0.476,1.57079
-50.144,-0.476,1.57079
-48.582,-0.476,1.57079
-47.02,-0.476,1.57079
-45.458,-0.476,1.57079
-43.896,-0.476,1.57079
-42.333,-0.476,1.57079
-40.771,-0.476,1.57079
-39.209,-0.476,1.57079
-37.647,-0.476,1.57079
-36.085,-0.476,1.57079
-34.523,-0.476,1.57079
-32.96,-0.476,1.57079
-31.398,-0.476,1.57079
-29.836,-0.476,1.57079
-28.274,-0.476,1.57079
-26.712,-0.476,1.57079
-25.15,-0.476,1.57079
-23.587,-0.476,1.57079
-22.025,-0.476,1.57079
-20.463,-0.476,1.57079
-18.901,-0.476,1.57079
-17.339,-0.476,1.57079
-15.777,-0.476,1.57079
-14.215,-0.476,1.57079
-12.652,-0.476,1.57079
-11.09,-0.476,1.57079
-9.528,-0.476,1.57079
-7.966,-0.476,1.57079
-6.404,-0.476,1.57079
-4.842,-0.476,1.57079
-3.279,-0.476,1.57079
-1.717,-0.476,1.57079
-0.155,-0.476,0.78853
-0.155,1.076,6.28314
-0.155,2.629,6.28314
-0.155,4.181,6.28314
-0.155,5.733,6.28314
-0.155,7.286,6.28314
-0.156,8.838,6.28314
-0.156,10.39,6.28314
-0.156,11.943,6.28314
-0.156,13.495,6.28314
-0.156,15.047,6.28314
-0.156,16.599,6.28314
-0.156,18.152,6.28314
-0.156,19.704,6.28314
-0.156,21.256,6.28314
-0.156,22.809,6.28314
-0.156,24.361,6.28314
-0.156,25.913,6.28314
-0.156,27.466,6.28314
-0.156,29.018,6.28314
-0.157,30.57,6.28314
-0.157,32.122,6.28314
-0.157,33.675,6.28314
-0.157,35.227,6.28314
-0.157,36.779,6.28314
-0.157,38.332,6.28314
-0.157,39.884,6.28314
-0.157,41.436,6.28314
-0.157,42.989,6.28314
-0.157,44.541,6.28314
-0.157,46.093,6.28314
-0.157,47.645,6.28314
-0.157,49.198,6.28314
-0.157,50.75,6.28314
-0.158,52.302,6.28314
-0.158,53.855,6.28314
-0.158,55.407,6.28314
-0.158,56.959,6.28314
-0.158,58.512,6.28314
-0.158,60.064,6.28314
-0.158,61.616,6.28314
-0.158,63.168,6.28314
-0.158,64.721,6.28314
-0.158,66.273,6.28314
-0.158,67.825,6.28314
-0.158,69.378,6.28314
-0.158,70.93,6.28314
-0.158,72.482,6.28314
-0.159,74.035,6.28314
-0.159,75.587,6.28314
-0.159,77.139,6.28314
-0.159,78.691,6.28314
-0.159,80.244,6.28314
-0.159,81.796,6.28314
-0.159,83.348,6.28314
-0.159,84.901,6.28314
-0.159,86.453,6.28314
-0.159,88.005,6.28314
-0.159,89.558,6.28314
-0.159,91.11,6.28314
-0.159,92.662,6.28314
-0.16,94.214,6.28314
-0.16,95.767,6.28314
-0.16,97.319,6.28314
-0.16,98.871,6.28314
-0.16,100.424,6.28314
-0.16,101.976,6.28314
-0.16,103.528,6.28314
-0.16,105.081,6.28314
-0.16,106.633,6.28314
-0.16,108.185,6.28314
-0.16,109.737,6.28314
-0.16,111.29,6.28314
-0.16,112.842,6.28314
-0.16,114.394,6.28314
-0.161,115.947,6.28314
-0.161,117.499,6.28314
-0.161,119.051,6.28314
-0.161,120.604,6.28314
-0.161,122.156,6.28314
-0.161,123.708,6.28314
-0.161,125.26,6.28314
-0.161,126.813,6.28314
-0.161,128.365,6.28314
-0.161,129.917,6.28314
-0.161,131.47,6.28314
-0.161,133.022,6.28314
-0.161,134.574,6.28314
-0.161,136.127,6.28314
-0.162,137.679,6.28314
-0.162,139.231,6.28314
-0.162,140.783,6.28314
-0.162,142.336,6.28314
-0.162,143.888,6.28314
-0.162,145.44,6.28314
-0.162,146.993,6.28314
-0.162,148.545,6.28314
-0.162,150.097,6.28314
-0.162,151.65,6.28314
-0.162,153.202,6.28314
-0.162,154.754,6.28314
-0.162,156.306,6.28314
-0.162,157.859,6.28314
-0.163,159.411,6.28314
-0.163,160.963,6.28314
-0.163,162.516,6.28314
-0.163,164.068,6.28314
-0.163,165.62,6.28314
-0.163,167.173,6.28314
-0.163,168.725,6.28314
-0.163,170.277,6.28314
-0.163,171.829,6.28314
-0.163,173.382,6.28314
-0.163,174.934,6.28314
-0.163,176.486,6.28314
-0.163,178.039,6.28314
-0.163,179.591,6.28314
-0.164,181.143,6.28314
-0.164,182.696,6.28314
-0.164,184.248,6.28314
-0.164,185.8,6.28314
-0.164,187.352,6.28314
-0.164,188.905,6.28314
-0.164,190.457,6.28314
-0.164,192.009,6.28314
-0.164,193.562,6.28314
-0.164,195.114,6.28314
-0.164,196.666,6.28314
-0.164,198.219,5.49447
-1.727,198.219,4.71238
-3.289,198.219,4.71238
-4.852,198.219,4.71238
-6.414,198.219,4.71238
-7.977,198.218,4.71238
-9.54,198.218,4.71238
-11.102,198.218,4.71238
-12.665,198.218,4.71238
-14.227,198.218,4.71238
-15.79,198.218,4.71238
-17.352,198.218,4.71238
-18.915,198.218,4.71238
-20.477,198.218,4.71238
-22.04,198.218,4.71238
-23.602,198.218,4.71238
-25.165,198.218,4.71238
-26.727,198.218,4.71238
-28.29,198.218,4.71238
-29.852,198.218,4.71238
-31.415,198.218,4.71238
-32.977,198.218,4.71238
-34.54,198.218,4.71238
-36.102,198.218,4.71238
-37.665,198.218,4.71238
-39.228,198.218,4.71238
-40.79,198.218,4.71238
-42.353,198.218,4.71238
-43.915,198.218,4.71238
-45.478,198.218,4.71238
-47.04,198.218,4.71238
-48.603,198.218,4.71238
-50.165,198.218,4.71238
-51.728,198.218,4.71238
-53.29,198.218,4.71238
-54.853,198.218,4.71238
-56.415,198.218,4.71238
-57.978,198.218,4.71238
-59.54,198.218,4.71238
-61.103,198.218,4.71238
-62.665,198.218,4.71238
-64.228,198.218,4.71238
-65.79,198.218,4.71238
-67.353,198.218,4.71238
-68.915,198.218,4.71238
-70.478,198.218,4.71238
-72.041,198.218,4.71238
-73.603,198.218,4.71238
-75.166,198.218,4.71238
-76.728,198.218,4.71238
-78.291,198.218,4.71238
-79.853,198.218,4.71238
-81.416,198.218,4.71238
-82.978,198.218,4.71238
-84.541,198.218,4.71238
-86.103,198.217,4.71238
-87.666,198.217,4.71238
-89.228,198.217,4.71238
-90.791,198.217,4.71238
-92.353,198.217,4.71238
-93.916,198.217,4.71238
-95.478,198.217,4.71238
-97.041,198.217,4.71238
-98.603,198.217,4.71238
-100.166,198.217,4.71238
-101.729,198.217,4.71238
-103.291,198.217,4.71238
-104.854,198.217,4.71238
-106.416,198.217,4.71238
-107.979,198.217,4.71238
-109.541,198.217,4.71238
-111.104,198.217,4.71238
-112.666,198.217,4.71238
-114.229,198.217,4.71238
-115.791,198.217,4.71238
-117.354,198.217,4.71238
-118.916,198.217,4.71238
-120.479,198.217,4.71238
-122.041,198.217,4.71238
-123.604,198.217,4.71238
-125.166,198.217,4.71238
-126.729,198.217,4.71238
-128.291,198.217,4.71238
-129.854,198.217,4.71238
-131.417,198.217,4.71238
-132.979,198.217,4.71238
-134.542,198.217,4.71238
-136.104,198.217,4.71238
-137.667,198.217,4.71238
-139.229,198.217,4.71238
-140.792,198.217,4.71238
-142.354,198.217,4.71238
-143.917,198.217,4.71238
-145.479,198.217,4.71238
-147.042,198.217,4.71238
-148.604,198.217,4.71238
-150.167,198.217,4.71238
-151.729,198.217,4.71238
-153.292,198.217,4.71238
-154.854,198.217,4.71238
-156.417,198.217,4.71238
-157.979,198.217,4.71238
-159.542,198.217,4.71238
-161.105,198.217,4.71238
-162.667,198.217,4.71238
-164.23,198.216,4.71238
-165.792,198.216,4.71238
-167.355,198.216,4.71238
-168.917,198.216,4.71238
-170.48,198.216,4.71238
-172.042,198.216,4.71238
-173.605,198.216,4.71238
-175.167,198.216,4.71238
-176.73,198.216,4.71238
-178.292,198.216,4.71238
-179.855,198.216,4.71238
-181.417,198.216,4.71238
-182.98,198.216,4.71238
-184.542,198.216,4.71238
-186.105,198.216,4.71238
-187.667,198.216,4.71238
-189.23,198.216,4.71238
-190.793,198.216,4.71238
-192.355,198.216,4.71238
-193.918,198.216,4.71238
-195.48,198.216,4.71238
-197.043,198.216,4.71238
-198.605,198.216,4.71238
-200.168,198.216,3.93013
-200.167,196.664,3.14131
-200.167,195.111,3.14131
-200.166,193.559,3.14131
-200.166,192.007,3.14131
-200.165,190.455,3.14131
-200.165,188.902,3.14131
-200.165,187.35,3.14131
-200.164,185.798,3.14131
-200.164,184.245,3.14131
-200.163,182.693,3.14131
-200.163,181.141,3.14131
-200.162,179.588,3.14131
-200.162,178.036,3.14131
-200.161,176.484,3.14131
-200.161,174.932,3.14131
-200.161,173.379,3.14131
-200.16,171.827,3.14131
-200.16,170.275,3.14131
-200.159,168.722,3.14131
-200.159,167.17,3.14131
-200.158,165.618,3.14131
-200.158,164.066,3.14131
-200.158,162.513,3.14131
-200.157,160.961,3.14131
-200.157,159.409,3.14131
-200.156,157.856,3.14131
-200.156,156.304,3.14131
-200.155,154.752,3.14131
-200.155,153.199,3.14131
-200.154,151.647,3.14131
-200.154,150.095,3.14131
-200.154,148.543,3.14131
-200.153,146.99,3.14131
-200.153,145.438,3.14131
-200.152,143.886,3.14131
-200.152,142.333,3.14131
-200.151,140.781,3.14131
-200.151,139.229,3.14131
-200.15,137.676,3.14131
-200.15,136.124,3.14131
-200.15,134.572,3.14131
-200.149,133.02,3.14131
-200.149,131.467,3.14131
-200.148,129.915,3.14131
-200.148,128.363,3.14131
-200.147,126.81,3.14131
-200.147,125.258,3.14131
-200.147,123.706,3.14131
-200.146,122.154,3.14131
-200.146,120.601,3.14131
-200.145,119.049,3.14131
-200.145,117.497,3.14131
-200.144,115.944,3.14131
-200.144,114.392,3.14131
-200.143,112.84,3.14131
-200.143,111.287,3.14131
-200.143,109.735,3.14131
-200.142,108.183,3.14131
-200.142,106.631,3.14131
-200.141,105.078,3.14131
-200.141,103.526,3.14131
-200.14,101.974,3.14131
-200.14,100.421,3.14131
-200.139,98.869,3.14131
-200.139,97.317,3.14131
-200.139,95.764,3.14131
-200.138,94.212,3.14131
-200.138,92.66,3.14131
-200.137,91.108,3.14131
-200.137,89.555,3.14131
-200.136,88.003,3.14131
-200.136,86.451,3.14131
-200.135,84.898,3.14131
-200.135,83.346,3.14131
-200.135,81.794,3.14131
-200.134,80.242,3.14131
-200.134,78.689,3.14131
-200.133,77.137,3.14131
-200.133,75.585,3.14131
-200.132,74.032,3.14131
-200.132,72.48,3.14131
-200.132,70.928,3.14131
-200.131,69.375,3.14131
-200.131,67.823,3.14131
-200.13,66.271,3.14131
-200.13,64.719,3.14131
-200.129,63.166,3.14131
-200.129,61.614,3.14131
-200.128,60.062,3.14131
-200.128,58.509,3.14131
-200.128,56.957,3.14131
-200.127,55.405,3.14131
-200.127,53.852,3.14131
-200.126,52.3,3.14131
-200.126,50.748,3.14131
-200.125,49.196,3.14131
-200.125,47.643,3.14131
-200.124,46.091,3.14131
-200.124,44.539,3.14131
-200.124,42.986,3.14131
-200.123,41.434,3.14131
-200.123,39.882,3.14131
-200.122,38.33,3.14131
-200.122,36.777,3.14131
-200.121,35.225,3.14131
-200.121,33.673,3.14131
-200.121,32.12,3.14131
-200.12,30.568,3.14131
-200.12,29.016,3.14131
-200.119,27.463,3.14131
-200.119,25.911,3.14131
-200.118,24.359,3.14131
-200.118,22.807,3.14131
-200.117,21.254,3.14131
-200.117,19.702,3.14131
-200.117,18.15,3.14131
-200.116,16.597,3.14131
-200.116,15.045,3.14131
-200.115,13.493,3.14131
-200.115,11.94,3.14131
-200.114,10.388,3.14131
-200.114,8.836,3.14131
-200.113,7.284,3.14131
-200.113,5.731,3.14131
-200.113,4.179,3.14131
-200.112,2.627,3.14131
-200.112,1.074,3.14131
-200.111,-0.478,2.35288
